PARAMATERS
[ID] = [0 - 65]
begin
LTTD = 43.513467000895865; 
LNTD = 12.161840271793924;
BTDP = -28;
EWIP = -28;
WWIP = 28;
ASWP = -45;
ACLP = -55;
UPHP = 10;
UNHP = -10;
TZ__ = 1;
AAPD = 1;
BOXD = -1;
SYNC = 1;
BOXD = -1;
AAPD = 1;
end